k=3 limit=1000
Data limit: 1000
Done loading data
	0	1	2	3	4	5	6	7	8	9
------------------------------------------------------------------------------------------
0:	942	1	7	2	0	10	12	2	3	12
1:	0	1053	3	2	1	0	0	5	0	0
2:	12	44	837	12	11	9	6	43	7	9
3:	3	7	22	900	3	49	3	5	20	18
4:	1	24	2	0	805	2	7	14	0	128
5:	10	13	1	65	24	737	20	3	8	34
6:	13	15	6	1	11	8	911	0	1	1
7:	0	24	0	2	16	2	0	1009	0	37
8:	17	52	27	49	8	32	12	14	737	61
9:	4	8	3	14	60	6	0	40	1	825
Accuracy: 0.875600
k=8 limit=1000
Data limit: 1000
Done loading data
	0	1	2	3	4	5	6	7	8	9
------------------------------------------------------------------------------------------
0:	932	0	10	5	4	11	14	3	1	11
1:	0	1057	0	2	1	1	0	3	0	0
2:	14	92	762	11	25	11	4	55	8	8
3:	4	19	16	875	27	37	7	10	24	11
4:	0	31	6	1	746	8	47	7	1	136
5:	9	22	4	33	23	718	36	17	7	46
6:	12	25	9	5	11	14	888	0	3	0
7:	0	33	1	0	15	7	2	968	27	37
8:	13	59	13	27	15	42	23	22	737	58
9:	7	8	1	14	30	9	25	36	20	811
Accuracy: 0.849400
k=13 limit=1000
Data limit: 1000
Done loading data
	0	1	2	3	4	5	6	7	8	9
------------------------------------------------------------------------------------------
0:	925	1	9	5	2	14	20	2	2	11
1:	0	1057	0	1	1	0	0	4	0	1
2:	13	120	736	11	26	8	4	53	10	9
3:	6	32	9	880	11	33	5	8	30	16
4:	0	33	4	0	746	7	20	7	1	165
5:	7	33	5	26	24	705	28	18	11	58
6:	9	37	11	3	12	15	877	2	1	0
7:	0	43	0	0	13	6	0	968	10	50
8:	15	84	11	28	14	38	17	20	717	65
9:	6	14	0	14	52	4	8	40	6	817
Accuracy: 0.842800
k=18 limit=1000
Data limit: 1000
Done loading data
	0	1	2	3	4	5	6	7	8	9
------------------------------------------------------------------------------------------
0:	918	2	10	5	3	10	21	4	4	14
1:	0	1058	0	1	1	0	0	3	0	1
2:	13	149	694	15	26	8	5	58	12	10
3:	6	41	8	869	12	31	4	10	29	20
4:	0	39	6	0	717	8	36	5	1	171
5:	8	34	5	28	23	686	30	18	11	72
6:	8	39	10	6	13	12	876	1	2	0
7:	1	51	0	0	13	2	0	955	22	46
8:	17	101	9	30	19	37	17	24	684	71
9:	7	16	1	12	49	3	15	34	4	820
Accuracy: 0.827700
k=23 limit=1000
Data limit: 1000
Done loading data
	0	1	2	3	4	5	6	7	8	9
------------------------------------------------------------------------------------------
0:	909	3	6	5	4	15	29	3	2	15
1:	0	1058	0	1	2	0	0	2	0	1
2:	12	176	659	14	33	10	5	55	10	16
3:	3	53	7	861	11	34	3	8	26	24
4:	0	52	1	0	706	6	19	5	0	194
5:	8	42	3	21	25	679	34	14	11	78
6:	9	48	8	3	16	16	866	0	1	0
7:	1	58	0	0	12	3	2	953	5	56
8:	15	116	12	36	15	25	16	22	677	75
9:	7	17	0	13	52	2	9	35	5	821
Accuracy: 0.818900
k=28 limit=1000
Data limit: 1000
Done loading data
	0	1	2	3	4	5	6	7	8	9
------------------------------------------------------------------------------------------
0:	907	4	7	3	4	14	32	5	2	13
1:	0	1060	0	0	1	0	0	2	0	1
2:	13	196	632	13	39	9	4	53	14	17
3:	4	64	8	854	6	36	0	7	27	24
4:	0	49	4	0	688	5	28	5	2	202
5:	10	45	3	25	31	651	30	16	18	86
6:	7	58	10	6	22	11	851	0	2	0
7:	1	62	0	0	12	4	1	942	15	53
8:	13	133	13	30	16	26	14	20	657	87
9:	7	19	0	12	55	1	12	40	2	813
Accuracy: 0.805500
k=33 limit=1000
Data limit: 1000
Done loading data
	0	1	2	3	4	5	6	7	8	9
------------------------------------------------------------------------------------------
0:	904	4	6	5	2	12	32	7	2	17
1:	0	1060	0	0	1	0	0	2	0	1
2:	13	218	612	12	30	10	6	55	15	19
3:	4	81	9	836	6	33	7	7	23	24
4:	0	51	3	0	682	4	29	5	1	208
5:	10	53	3	31	25	639	33	16	13	92
6:	6	67	12	4	20	12	843	0	2	1
7:	1	68	0	0	9	4	2	939	7	60
8:	16	143	11	38	17	20	14	21	644	85
9:	6	19	2	10	67	7	4	38	5	803
Accuracy: 0.796200
k=38 limit=1000
Data limit: 1000
Done loading data
	0	1	2	3	4	5	6	7	8	9
------------------------------------------------------------------------------------------
0:	900	4	6	4	2	16	34	5	3	17
1:	0	1060	0	0	0	0	0	2	0	2
2:	12	237	593	15	24	11	8	61	12	17
3:	4	94	9	828	3	30	4	6	23	29
4:	0	56	2	0	678	5	27	5	0	210
5:	10	61	4	28	32	622	34	15	10	99
6:	9	73	9	9	28	6	830	1	1	1
7:	1	68	0	1	12	1	1	935	14	57
8:	16	155	6	33	26	17	15	21	634	86
9:	6	22	0	11	59	6	19	43	3	792
Accuracy: 0.787200
k=43 limit=1000
Data limit: 1000
Done loading data
	0	1	2	3	4	5	6	7	8	9
------------------------------------------------------------------------------------------
0:	896	5	6	1	1	16	37	7	4	18
1:	0	1060	0	0	0	0	0	2	0	2
2:	13	248	580	15	24	7	7	62	13	21
3:	4	104	6	815	8	26	5	8	24	30
4:	0	61	0	0	683	6	21	4	0	208
5:	14	71	0	38	26	604	28	18	15	101
6:	8	85	12	3	23	11	824	0	0	1
7:	1	74	0	1	13	4	0	919	14	64
8:	16	167	6	37	17	20	14	21	621	90
9:	6	25	0	12	62	1	10	44	6	795
Accuracy: 0.779700
k=48 limit=1000
Data limit: 1000
Done loading data
	0	1	2	3	4	5	6	7	8	9
------------------------------------------------------------------------------------------
0:	895	6	3	4	0	15	39	6	3	20
1:	0	1060	0	0	0	0	0	2	0	2
2:	13	264	562	14	26	6	11	62	11	21
3:	3	109	18	793	10	25	5	7	24	36
4:	0	65	0	0	676	5	23	3	1	210
5:	13	77	3	32	29	595	28	12	14	112
6:	10	90	9	5	25	7	819	0	1	1
7:	1	78	0	1	12	3	1	923	12	59
8:	15	171	8	36	22	16	14	21	612	94
9:	5	25	2	10	58	3	11	45	4	798
Accuracy: 0.773300
k=53 limit=1000
Data limit: 1000
Done loading data
	0	1	2	3	4	5	6	7	8	9
------------------------------------------------------------------------------------------
0:	891	6	4	4	2	12	44	5	5	18
1:	0	1060	0	0	0	0	0	2	0	2
2:	11	276	549	13	27	5	14	63	13	19
3:	3	129	13	779	7	26	4	8	20	41
4:	0	64	2	0	679	5	21	3	0	209
5:	14	86	2	39	28	577	29	13	13	114
6:	9	94	8	4	26	11	812	1	1	1
7:	1	83	0	0	15	4	0	917	12	58
8:	15	186	7	38	19	15	15	18	601	95
9:	5	28	1	12	60	2	5	48	4	796
Accuracy: 0.766100
k=58 limit=1000
Data limit: 1000
Done loading data
	0	1	2	3	4	5	6	7	8	9
------------------------------------------------------------------------------------------
0:	883	6	3	6	2	14	47	8	4	18
1:	0	1060	0	0	0	0	0	2	0	2
2:	11	282	546	12	23	6	18	60	13	19
3:	4	143	11	773	4	23	3	8	21	40
4:	0	65	1	0	669	5	20	3	0	220
5:	15	97	1	46	31	552	27	18	14	114
6:	11	98	4	3	30	7	810	2	1	1
7:	1	86	0	0	11	4	0	925	8	55
8:	15	198	6	38	22	13	14	18	587	98
9:	5	31	0	12	58	3	7	48	5	792
Accuracy: 0.759700
k=63 limit=1000
Data limit: 1000
Done loading data
	0	1	2	3	4	5	6	7	8	9
------------------------------------------------------------------------------------------
0:	876	8	4	9	2	13	46	7	6	20
1:	0	1060	0	0	0	0	0	2	0	2
2:	11	298	530	10	29	4	19	55	13	21
3:	4	160	13	757	3	19	4	7	21	42
4:	0	69	1	0	666	7	21	3	0	216
5:	15	102	2	48	40	527	23	18	11	129
6:	10	105	5	6	27	10	801	0	2	1
7:	1	86	0	1	13	2	0	924	7	56
8:	15	215	7	41	16	10	12	17	576	100
9:	5	33	0	10	61	3	5	56	6	782
Accuracy: 0.749900
k=68 limit=1000
Data limit: 1000
Done loading data
	0	1	2	3	4	5	6	7	8	9
------------------------------------------------------------------------------------------
0:	876	9	5	4	4	12	48	7	4	22
1:	0	1060	0	0	0	0	0	2	0	2
2:	11	313	520	8	25	4	16	57	14	22
3:	3	178	8	740	6	19	6	7	20	43
4:	0	70	1	0	665	5	20	5	0	217
5:	16	110	1	57	36	512	29	10	10	134
6:	8	107	8	4	25	8	805	0	1	1
7:	1	88	0	0	16	2	0	920	11	52
8:	16	228	5	34	15	14	12	19	556	110
9:	6	33	0	9	59	4	7	60	3	780
Accuracy: 0.743400
k=73 limit=1000
Data limit: 1000
Done loading data
	0	1	2	3	4	5	6	7	8	9
------------------------------------------------------------------------------------------
0:	871	8	3	11	4	12	47	8	4	23
1:	0	1060	0	0	0	0	0	2	0	2
2:	10	315	513	10	29	4	18	52	14	25
3:	3	187	15	725	2	25	6	7	19	41
4:	0	72	0	1	665	13	12	5	0	215
5:	15	115	2	62	36	490	28	18	8	141
6:	8	113	7	10	31	8	787	0	2	1
7:	1	93	0	0	14	1	0	920	7	54
8:	16	237	4	35	16	10	14	17	556	104
9:	7	34	0	8	58	3	5	63	4	779
Accuracy: 0.736600
k=78 limit=1000
Data limit: 1000
Done loading data
	0	1	2	3	4	5	6	7	8	9
------------------------------------------------------------------------------------------
0:	869	10	3	5	3	15	48	9	5	24
1:	0	1060	0	0	0	0	0	2	0	2
2:	8	326	498	9	32	2	21	54	15	25
3:	4	193	10	718	4	24	5	9	20	43
4:	0	74	1	0	658	4	21	5	1	219
5:	17	128	3	62	32	474	26	17	11	145
6:	8	122	8	3	29	8	788	0	0	1
7:	1	97	1	0	13	2	1	918	7	50
8:	14	246	3	37	15	14	15	19	543	103
9:	7	36	0	9	59	2	10	67	3	768
Accuracy: 0.729400
k=83 limit=1000
Data limit: 1000
Done loading data
	0	1	2	3	4	5	6	7	8	9
------------------------------------------------------------------------------------------
0:	866	10	3	4	5	15	48	10	5	25
1:	0	1060	0	0	0	0	0	2	0	2
2:	7	335	489	9	35	2	23	50	14	26
3:	4	200	9	714	2	27	5	9	19	41
4:	0	79	2	0	651	1	26	4	2	218
5:	16	139	5	58	33	463	24	16	11	150
6:	6	122	9	6	28	7	788	0	0	1
7:	1	100	0	0	15	1	0	926	1	46
8:	15	258	4	36	13	12	15	21	532	103
9:	7	40	0	9	62	0	6	65	5	767
Accuracy: 0.725600
k=88 limit=1000
Data limit: 1000
Done loading data
	0	1	2	3	4	5	6	7	8	9
------------------------------------------------------------------------------------------
0:	866	9	6	2	2	15	49	10	7	25
1:	0	1060	0	0	0	0	0	2	0	2
2:	8	342	479	13	30	1	22	54	15	26
3:	4	216	14	693	5	21	5	8	19	45
4:	0	80	3	0	642	1	25	6	0	226
5:	17	143	2	60	40	450	27	15	10	151
6:	6	127	8	3	29	10	783	0	0	1
7:	1	101	0	0	16	6	0	920	3	43
8:	16	267	3	35	20	14	14	22	515	103
9:	7	43	0	10	63	3	6	64	3	762
Accuracy: 0.717000
k=93 limit=1000
Data limit: 1000
Done loading data
	0	1	2	3	4	5	6	7	8	9
------------------------------------------------------------------------------------------
0:	863	11	6	3	2	16	50	9	6	25
1:	0	1060	0	0	0	0	0	2	0	2
2:	9	342	472	8	31	2	31	54	15	26
3:	4	224	10	690	6	19	4	8	21	44
4:	0	82	3	0	636	2	17	6	0	237
5:	17	153	4	73	30	431	30	19	10	148
6:	6	133	5	4	32	10	775	0	0	2
7:	1	110	0	0	15	1	1	919	2	41
8:	15	276	4	38	14	13	11	23	512	103
9:	7	46	0	9	61	2	9	68	3	756
Accuracy: 0.711400
k=98 limit=1000
Data limit: 1000
Done loading data
	0	1	2	3	4	5	6	7	8	9
------------------------------------------------------------------------------------------
0:	862	11	6	4	5	14	49	9	6	25
1:	0	1060	0	0	0	0	0	2	0	2
2:	7	349	458	10	34	2	34	56	14	26
3:	4	232	13	675	6	20	4	9	22	45
4:	0	84	1	0	638	1	25	6	0	228
5:	17	159	2	69	37	424	25	18	8	156
6:	7	136	6	8	34	7	767	0	0	2
7:	1	114	0	0	14	3	0	915	3	40
8:	14	288	3	38	17	12	14	22	495	106
9:	7	46	0	9	66	3	6	72	2	750
Accuracy: 0.704400
k=103 limit=1000
Data limit: 1000
Done loading data
	0	1	2	3	4	5	6	7	8	9
------------------------------------------------------------------------------------------
0:	858	12	3	6	4	14	54	8	9	23
1:	0	1060	0	0	0	0	0	2	0	2
2:	7	358	444	11	32	0	39	56	15	28
3:	4	248	11	662	6	20	6	9	22	42
4:	0	85	2	0	630	2	22	6	1	235
5:	17	176	3	73	36	397	29	14	9	161
6:	6	144	5	5	36	6	763	0	0	2
7:	1	123	0	0	12	1	1	907	6	39
8:	14	296	4	35	19	10	12	21	490	108
9:	7	47	0	9	65	5	3	72	7	746
Accuracy: 0.695700
k=108 limit=1000
Data limit: 1000
Done loading data
	0	1	2	3	4	5	6	7	8	9
------------------------------------------------------------------------------------------
0:	848	14	6	5	5	14	56	14	6	23
1:	0	1060	0	0	0	1	0	2	0	1
2:	8	357	440	10	31	4	40	57	15	28
3:	4	253	23	639	5	24	6	9	23	44
4:	0	89	3	0	632	3	11	7	0	238
5:	18	170	1	80	40	393	27	12	10	164
6:	6	145	6	9	33	8	757	1	0	2
7:	1	125	0	0	16	2	1	902	6	37
8:	12	306	5	37	14	9	16	22	480	108
9:	7	50	0	9	67	5	7	78	6	732
Accuracy: 0.688300
k=113 limit=1000
Data limit: 1000
Done loading data
	0	1	2	3	4	5	6	7	8	9
------------------------------------------------------------------------------------------
0:	846	16	6	4	3	17	56	10	8	25
1:	0	1060	0	0	0	0	0	2	0	2
2:	9	361	430	10	35	2	41	54	18	30
3:	4	273	15	632	2	22	6	9	21	46
4:	0	90	2	0	628	4	17	6	1	235
5:	19	174	3	83	35	373	26	19	9	174
6:	6	151	5	3	39	10	750	1	0	2
7:	1	125	0	1	16	1	0	902	4	40
8:	10	313	4	35	20	8	12	23	470	114
9:	7	52	1	9	67	6	6	81	3	729
Accuracy: 0.682000
k=118 limit=1000
Data limit: 1000
Done loading data
	0	1	2	3	4	5	6	7	8	9
------------------------------------------------------------------------------------------
0:	840	17	6	5	5	16	54	13	7	28
1:	0	1061	0	0	0	0	0	2	0	1
2:	7	364	421	11	39	2	41	57	16	32
3:	3	287	14	621	5	20	5	8	24	43
4:	0	95	0	0	621	3	18	5	1	240
5:	17	185	4	86	34	368	26	16	9	170
6:	5	152	6	4	39	12	746	1	0	2
7:	2	127	0	0	16	1	0	898	6	40
8:	11	317	4	35	22	9	13	21	460	117
9:	7	54	0	8	64	11	5	77	5	730
Accuracy: 0.676600
k=123 limit=1000
Data limit: 1000
Done loading data
	0	1	2	3	4	5	6	7	8	9
------------------------------------------------------------------------------------------
0:	840	17	5	6	5	16	56	11	8	27
1:	0	1061	0	0	0	0	0	2	0	1
2:	8	372	411	12	37	3	44	55	17	31
3:	4	294	12	609	6	24	8	8	19	46
4:	0	95	2	0	614	4	19	7	1	241
5:	17	203	3	82	35	352	22	16	13	172
6:	7	155	5	8	44	6	739	1	0	2
7:	2	128	0	0	18	2	1	890	7	42
8:	10	331	3	37	16	9	15	21	455	112
9:	7	57	1	8	64	6	7	80	9	722
Accuracy: 0.669300
k=128 limit=1000
Data limit: 1000
Done loading data
	0	1	2	3	4	5	6	7	8	9
------------------------------------------------------------------------------------------
0:	838	17	6	5	5	17	58	10	7	28
1:	0	1061	0	0	0	0	0	2	0	1
2:	9	377	405	9	36	2	48	56	18	30
3:	4	306	10	601	3	25	9	9	18	45
4:	0	98	1	0	610	4	20	5	2	243
5:	19	205	4	88	30	343	25	17	11	173
6:	6	160	5	6	47	5	735	1	0	2
7:	2	133	0	0	17	0	1	888	7	42
8:	11	339	3	37	16	9	15	20	445	114
9:	7	63	1	9	68	0	6	85	7	715
Accuracy: 0.664100
k=133 limit=1000
Data limit: 1000
Done loading data
	0	1	2	3	4	5	6	7	8	9
------------------------------------------------------------------------------------------
0:	830	18	5	6	8	19	59	11	7	28
1:	0	1061	0	0	0	0	0	2	0	1
2:	9	383	396	8	34	2	52	56	21	29
3:	4	311	8	593	4	24	9	9	21	47
4:	0	98	1	0	605	6	21	4	0	248
5:	17	212	4	90	32	328	26	19	11	176
6:	6	164	5	2	46	7	734	1	0	2
7:	1	135	0	1	12	3	0	888	7	43
8:	10	353	3	38	14	7	15	21	427	121
9:	7	62	1	9	67	3	6	86	9	711
Accuracy: 0.657300
k=138 limit=1000
Data limit: 1000
Done loading data
	0	1	2	3	4	5	6	7	8	9
------------------------------------------------------------------------------------------
0:	826	18	5	8	8	19	58	13	8	28
1:	0	1061	0	0	0	1	0	2	0	0
2:	10	385	381	11	39	3	59	58	18	26
3:	4	319	11	585	4	22	6	8	24	47
4:	0	102	0	0	604	4	20	4	0	249
5:	18	221	2	91	31	311	25	20	12	184
6:	7	169	4	3	51	3	727	1	0	2
7:	1	137	0	1	20	3	0	883	7	38
8:	12	353	2	39	20	4	14	21	423	121
9:	7	65	0	9	70	2	7	86	8	707
Accuracy: 0.650800
k=143 limit=1000
Data limit: 1000
Done loading data
	0	1	2	3	4	5	6	7	8	9
------------------------------------------------------------------------------------------
0:	817	19	4	9	6	23	61	15	8	29
1:	0	1061	0	0	0	0	0	2	0	1
2:	9	394	373	10	43	3	55	56	20	27
3:	5	328	14	569	4	25	7	8	21	49
4:	0	102	1	0	598	4	25	4	0	249
5:	19	220	2	99	31	302	22	19	13	188
6:	7	170	5	3	51	2	726	1	0	2
7:	2	139	0	0	16	4	0	884	4	41
8:	11	363	2	38	19	6	15	21	415	119
9:	6	65	0	9	69	7	3	88	7	707
Accuracy: 0.645200
k=148 limit=1000
Data limit: 1000
Done loading data
	0	1	2	3	4	5	6	7	8	9
------------------------------------------------------------------------------------------
0:	812	20	3	9	7	24	59	19	7	31
1:	0	1061	0	0	0	0	0	2	0	1
2:	8	397	364	9	48	4	58	55	20	27
3:	4	344	8	562	8	21	7	8	17	51
4:	0	104	0	0	598	0	28	3	0	250
5:	18	229	1	98	33	297	22	18	10	189
6:	7	173	4	1	54	3	722	1	0	2
7:	2	139	0	0	17	1	0	887	5	39
8:	11	369	3	41	14	8	15	20	406	122
9:	6	62	1	5	71	8	8	94	10	696
Accuracy: 0.640500
k=153 limit=1000
Data limit: 1000
Done loading data
	0	1	2	3	4	5	6	7	8	9
------------------------------------------------------------------------------------------
0:	808	19	5	5	7	22	67	20	7	31
1:	0	1061	0	0	0	1	0	2	0	0
2:	9	403	361	11	39	2	62	54	20	29
3:	3	351	7	556	3	26	6	9	18	51
4:	0	96	0	1	599	4	28	3	1	251
5:	19	238	2	98	33	281	23	20	11	190
6:	6	175	6	4	53	11	709	1	0	2
7:	2	141	0	0	21	3	0	883	4	36
8:	12	381	2	41	15	3	15	20	403	117
9:	6	69	1	6	69	3	9	100	11	687
Accuracy: 0.634800
k=158 limit=1000
Data limit: 1000
Done loading data
	0	1	2	3	4	5	6	7	8	9
------------------------------------------------------------------------------------------
0:	802	21	5	6	8	22	64	25	8	30
1:	0	1061	0	0	0	0	0	2	0	1
2:	9	407	346	9	53	2	63	55	19	27
3:	4	356	15	540	6	23	7	7	19	53
4:	0	101	1	0	591	3	21	2	0	264
5:	19	238	3	101	39	261	24	27	12	191
6:	5	178	4	3	59	4	711	1	0	2
7:	2	142	0	0	17	2	0	888	5	34
8:	10	387	3	39	21	7	15	18	391	118
9:	7	71	0	6	72	3	9	105	4	684
Accuracy: 0.627500
k=163 limit=1000
Data limit: 1000
Done loading data
	0	1	2	3	4	5	6	7	8	9
------------------------------------------------------------------------------------------
0:	798	24	4	9	8	19	64	24	7	34
1:	0	1061	0	0	0	0	0	2	0	1
2:	10	411	334	6	50	4	72	56	19	28
3:	4	369	11	530	4	27	5	7	19	54
4:	0	104	0	1	589	5	19	2	0	263
5:	17	243	3	113	30	249	26	22	13	199
6:	5	179	3	4	57	9	707	1	0	2
7:	2	146	0	0	16	1	0	888	3	34
8:	10	405	2	37	17	7	17	20	375	119
9:	7	73	0	6	74	3	8	99	7	684
Accuracy: 0.621500
k=168 limit=1000
Data limit: 1000
Done loading data
	0	1	2	3	4	5	6	7	8	9
------------------------------------------------------------------------------------------
0:	800	26	4	4	7	19	64	26	7	34
1:	0	1061	0	0	0	0	0	2	0	1
2:	11	413	328	11	48	0	75	53	21	30
3:	5	379	10	516	5	27	7	7	19	55
4:	0	107	0	1	585	2	22	3	0	263
5:	19	254	1	113	30	242	28	19	12	197
6:	4	183	4	8	58	10	697	1	0	2
7:	2	148	0	0	16	1	0	884	7	32
8:	10	414	1	39	17	3	18	18	370	119
9:	7	74	0	5	78	3	6	108	7	673
Accuracy: 0.615600
k=173 limit=1000
Data limit: 1000
Done loading data
	0	1	2	3	4	5	6	7	8	9
------------------------------------------------------------------------------------------
0:	795	29	6	6	7	17	64	25	5	37
1:	0	1061	0	0	0	0	0	2	0	1
2:	9	420	322	6	48	4	79	52	20	30
3:	6	386	15	508	4	22	8	8	17	56
4:	0	107	0	0	584	4	13	4	0	271
5:	20	253	3	111	38	233	24	21	11	201
6:	4	188	5	5	61	12	689	1	0	2
7:	2	150	0	0	18	1	0	884	0	35
8:	10	423	1	40	14	3	18	17	358	125
9:	6	78	0	7	75	2	5	108	13	667
Accuracy: 0.610100
k=178 limit=1000
Data limit: 1000
Done loading data
	0	1	2	3	4	5	6	7	8	9
------------------------------------------------------------------------------------------
0:	791	31	9	6	7	14	67	28	6	32
1:	0	1061	0	0	0	0	0	2	0	1
2:	7	421	318	10	51	3	77	54	19	30
3:	6	397	13	502	3	21	7	7	18	56
4:	0	108	1	0	579	4	20	4	0	267
5:	19	256	3	115	33	224	29	23	10	203
6:	4	193	3	3	66	8	687	1	0	2
7:	2	154	0	0	17	2	0	877	3	35
8:	10	428	2	40	12	4	20	17	351	125
9:	7	76	0	6	71	3	5	116	4	673
Accuracy: 0.606300
k=183 limit=1000
Data limit: 1000
Done loading data
	0	1	2	3	4	5	6	7	8	9
------------------------------------------------------------------------------------------
0:	783	32	8	11	8	14	67	28	7	33
1:	0	1061	0	0	0	0	0	2	0	1
2:	7	418	318	10	49	4	79	55	20	30
3:	7	406	14	489	4	18	8	6	19	59
4:	0	110	1	0	575	1	20	4	1	271
5:	18	259	7	119	34	212	26	21	14	205
6:	3	193	2	6	66	11	683	1	0	2
7:	2	154	0	0	16	2	1	878	6	31
8:	10	433	2	39	17	6	16	17	345	124
9:	6	77	0	6	73	3	9	107	12	668
Accuracy: 0.601200
k=188 limit=1000
Data limit: 1000
Done loading data
	0	1	2	3	4	5	6	7	8	9
------------------------------------------------------------------------------------------
0:	785	32	5	12	8	15	67	27	8	32
1:	0	1061	0	0	0	0	0	2	0	1
2:	6	425	309	11	50	5	79	56	21	28
3:	7	423	11	476	3	17	8	8	17	60
4:	0	112	0	0	580	4	18	7	1	261
5:	19	264	6	112	38	208	26	21	13	208
6:	3	199	2	4	67	10	679	1	0	2
7:	2	159	0	0	15	1	0	878	5	30
8:	9	443	1	39	13	6	13	19	344	122
9:	7	78	1	5	76	3	6	116	8	661
Accuracy: 0.598100
k=193 limit=1000
Data limit: 1000
Done loading data
	0	1	2	3	4	5	6	7	8	9
------------------------------------------------------------------------------------------
0:	777	34	7	11	6	18	71	29	6	32
1:	0	1061	0	0	0	0	0	2	0	1
2:	6	427	300	11	50	1	88	56	22	29
3:	7	431	9	464	4	20	9	9	17	60
4:	0	108	1	0	574	8	19	4	2	267
5:	22	268	4	116	33	195	26	21	14	216
6:	3	200	1	5	69	8	678	1	0	2
7:	2	162	0	0	11	1	1	876	8	29
8:	10	447	1	39	16	5	12	19	332	128
9:	7	81	1	4	74	1	6	116	6	665
Accuracy: 0.592200
k=198 limit=1000
Data limit: 1000
Done loading data
	0	1	2	3	4	5	6	7	8	9
------------------------------------------------------------------------------------------
0:	774	35	8	8	6	17	71	32	6	34
1:	0	1061	0	0	0	0	0	2	0	1
2:	6	426	296	13	45	2	95	57	22	28
3:	7	438	8	457	3	21	9	10	18	59
4:	0	114	2	0	563	3	25	5	0	271
5:	19	268	6	128	28	188	26	20	13	219
6:	3	199	3	5	69	9	675	2	0	2
7:	2	161	0	0	19	0	1	872	4	31
8:	11	454	2	37	16	4	14	18	325	128
9:	7	82	0	4	72	4	5	123	10	654
Accuracy: 0.586500

===================================

k=3 limit=50
Data limit: 50
Done loading data
	0	1	2	3	4	5	6	7	8	9
------------------------------------------------------------------------------------------
0:	777	4	22	16	10	24	75	6	12	45
1:	0	1045	0	8	2	1	0	3	0	5
2:	18	231	365	93	83	48	63	26	20	43
3:	11	59	18	822	20	6	27	3	13	51
4:	2	63	7	11	493	7	45	32	0	323
5:	17	37	10	318	64	243	63	6	10	147
6:	26	72	6	8	23	14	801	5	2	10
7:	5	49	12	40	281	8	15	317	1	362
8:	16	138	46	113	37	3	27	9	425	195
9:	5	16	15	99	215	4	17	33	1	556
Accuracy: 0.584400
k=3 limit=100
Data limit: 100
Done loading data
	0	1	2	3	4	5	6	7	8	9
------------------------------------------------------------------------------------------
0:	859	3	3	12	11	17	39	8	1	38
1:	0	1053	0	4	1	3	0	2	0	1
2:	12	291	415	45	112	19	24	18	25	29
3:	10	45	31	843	18	5	7	1	33	37
4:	1	45	0	3	675	3	17	24	1	214
5:	45	35	12	330	71	223	51	10	24	114
6:	8	72	2	3	46	8	821	1	2	4
7:	4	72	4	15	96	4	6	728	2	159
8:	24	121	44	93	35	1	21	8	539	123
9:	5	16	3	50	324	1	7	72	1	482
Accuracy: 0.663800
k=3 limit=150
Data limit: 150
Done loading data
	0	1	2	3	4	5	6	7	8	9
------------------------------------------------------------------------------------------
0:	872	2	11	6	6	18	38	7	2	29
1:	0	1055	0	1	0	4	0	4	0	0
2:	15	197	460	32	110	35	33	51	40	17
3:	6	34	24	870	10	18	6	2	30	30
4:	0	42	1	3	774	5	11	26	1	120
5:	47	36	4	303	48	275	57	12	39	94
6:	11	58	31	1	52	16	790	1	1	6
7:	1	69	6	18	62	2	5	819	4	104
8:	16	118	32	95	27	8	24	8	585	96
9:	3	15	12	59	215	3	4	59	1	590
Accuracy: 0.709000
k=3 limit=200
Data limit: 200
Done loading data
	0	1	2	3	4	5	6	7	8	9
------------------------------------------------------------------------------------------
0:	883	2	19	5	5	19	28	5	1	24
1:	0	1052	3	1	1	5	0	2	0	0
2:	12	149	571	48	74	29	18	37	40	12
3:	6	29	33	869	8	28	5	1	24	27
4:	0	30	0	1	760	4	10	15	1	162
5:	42	29	8	272	41	312	53	7	37	114
6:	9	55	39	0	45	15	799	0	1	4
7:	1	60	9	12	47	1	4	765	2	189
8:	18	102	22	103	21	8	23	6	610	96
9:	4	10	5	29	163	2	2	39	2	705
Accuracy: 0.732600
k=3 limit=250
Data limit: 250
Done loading data
	0	1	2	3	4	5	6	7	8	9
------------------------------------------------------------------------------------------
0:	907	2	19	3	6	18	16	5	1	14
1:	0	1051	3	1	1	5	0	3	0	0
2:	14	147	652	40	32	22	7	40	25	11
3:	9	25	20	884	6	31	4	3	24	24
4:	0	36	0	1	762	4	11	10	1	158
5:	57	28	5	204	29	431	38	6	29	88
6:	17	56	14	0	29	10	838	0	1	2
7:	1	60	6	12	33	0	4	823	0	151
8:	20	96	18	100	20	18	16	9	608	104
9:	6	11	4	20	155	1	5	45	2	712
Accuracy: 0.766800
k=3 limit=300
Data limit: 300
Done loading data
	0	1	2	3	4	5	6	7	8	9
------------------------------------------------------------------------------------------
0:	909	1	15	0	5	23	20	4	0	14
1:	0	1051	3	1	1	5	0	3	0	0
2:	13	129	663	31	36	15	8	45	38	12
3:	7	22	20	894	3	33	3	4	20	24
4:	0	33	2	2	772	3	7	9	1	154
5:	38	30	4	209	22	454	37	5	24	92
6:	19	41	13	0	24	10	859	0	0	1
7:	1	63	10	12	32	1	1	848	0	122
8:	16	100	16	102	14	20	19	11	602	109
9:	7	10	3	19	120	1	4	40	2	755
Accuracy: 0.780700
k=3 limit=350
Data limit: 350
Done loading data
	0	1	2	3	4	5	6	7	8	9
------------------------------------------------------------------------------------------
0:	907	2	14	0	7	27	17	4	0	13
1:	0	1051	2	2	1	5	0	3	0	0
2:	12	131	673	31	31	12	9	43	34	14
3:	4	21	20	878	5	40	3	4	21	34
4:	0	31	1	1	771	1	6	13	1	158
5:	24	29	3	147	22	549	31	5	16	89
6:	17	39	14	0	30	10	856	0	0	1
7:	2	60	8	11	33	4	0	864	0	108
8:	18	84	14	86	11	20	13	11	649	103
9:	9	10	2	19	94	3	4	38	1	781
Accuracy: 0.797900
k=3 limit=400
Data limit: 400
Done loading data
	0	1	2	3	4	5	6	7	8	9
------------------------------------------------------------------------------------------
0:	903	2	14	0	5	29	17	4	1	16
1:	0	1051	2	2	1	5	0	3	0	0
2:	10	105	717	31	29	12	10	39	24	13
3:	6	18	16	881	5	43	3	5	20	33
4:	0	27	0	1	780	0	5	10	1	159
5:	25	26	3	144	22	562	24	5	16	88
6:	17	34	11	0	35	12	856	0	1	1
7:	1	54	4	9	35	4	0	875	0	108
8:	18	80	17	79	13	29	10	12	652	99
9:	8	11	1	18	80	3	2	34	1	803
Accuracy: 0.808000
k=3 limit=450
Data limit: 450
Done loading data
	0	1	2	3	4	5	6	7	8	9
------------------------------------------------------------------------------------------
0:	901	1	15	0	4	25	20	5	3	17
1:	0	1051	2	2	1	5	0	3	0	0
2:	10	99	731	28	24	15	8	37	22	16
3:	6	18	17	880	4	43	3	4	23	32
4:	0	27	0	1	789	0	4	13	2	147
5:	26	23	2	134	23	587	25	6	16	73
6:	20	34	11	0	32	13	854	0	0	3
7:	1	49	6	7	27	4	0	893	2	101
8:	17	82	17	73	17	25	10	9	660	99
9:	8	9	3	15	79	3	3	35	1	805
Accuracy: 0.815100
k=3 limit=500
Data limit: 500
Done loading data
	0	1	2	3	4	5	6	7	8	9
------------------------------------------------------------------------------------------
0:	910	1	9	1	6	19	22	3	2	18
1:	0	1052	2	2	1	4	0	3	0	0
2:	10	91	751	25	22	12	8	37	21	13
3:	5	19	14	896	4	38	2	4	18	30
4:	0	27	1	1	781	0	4	12	1	156
5:	22	23	1	124	16	623	24	6	16	60
6:	18	37	8	0	30	16	856	0	0	2
7:	1	49	4	4	26	4	0	906	0	96
8:	17	78	17	79	12	28	10	10	664	94
9:	7	9	5	20	76	3	2	31	1	807
Accuracy: 0.824600
k=3 limit=550
Data limit: 550
Done loading data
	0	1	2	3	4	5	6	7	8	9
------------------------------------------------------------------------------------------
0:	918	1	8	1	4	18	20	3	3	15
1:	0	1053	2	2	1	3	0	3	0	0
2:	9	89	759	30	22	12	5	33	20	11
3:	6	16	10	887	6	52	2	4	17	30
4:	0	29	1	1	773	0	6	10	1	162
5:	21	23	1	109	18	651	22	6	19	45
6:	17	37	9	0	15	19	869	0	0	1
7:	1	48	4	5	27	5	0	904	0	96
8:	18	75	17	71	13	33	7	7	683	85
9:	6	10	4	17	75	4	3	27	2	813
Accuracy: 0.831000
k=3 limit=600
Data limit: 600
Done loading data
	0	1	2	3	4	5	6	7	8	9
------------------------------------------------------------------------------------------
0:	920	1	14	3	3	15	15	2	3	15
1:	0	1054	3	1	1	3	0	2	0	0
2:	9	78	784	20	17	10	3	39	16	14
3:	6	15	14	892	5	52	1	3	16	26
4:	0	26	1	1	774	0	6	10	0	165
5:	16	19	2	106	18	671	24	3	18	38
6:	17	34	11	0	10	18	876	0	0	1
7:	1	40	4	5	28	5	0	913	0	94
8:	14	70	40	62	13	36	9	7	680	78
9:	6	9	6	15	76	5	3	28	3	810
Accuracy: 0.837400
k=3 limit=650
Data limit: 650
Done loading data
	0	1	2	3	4	5	6	7	8	9
------------------------------------------------------------------------------------------
0:	924	1	11	2	3	15	15	2	3	15
1:	0	1054	3	1	1	3	0	2	0	0
2:	9	66	799	17	12	10	4	44	15	14
3:	6	15	16	895	1	51	1	5	15	25
4:	0	25	1	1	771	0	7	9	0	169
5:	15	21	2	105	18	671	24	2	18	39
6:	16	30	11	0	9	16	881	1	1	2
7:	1	30	4	4	22	3	0	944	0	82
8:	13	70	44	57	11	34	9	12	681	78
9:	5	9	4	16	77	7	3	30	2	808
Accuracy: 0.842800
k=3 limit=700
Data limit: 700
Done loading data
	0	1	2	3	4	5	6	7	8	9
------------------------------------------------------------------------------------------
0:	933	1	10	1	1	12	15	2	2	14
1:	0	1054	3	1	1	3	0	2	0	0
2:	9	52	828	13	12	9	5	35	13	14
3:	6	14	18	893	0	53	3	3	13	27
4:	0	26	1	1	790	0	7	8	0	150
5:	11	19	3	94	19	701	19	2	13	34
6:	16	29	6	0	10	13	889	1	1	2
7:	0	30	3	3	27	3	0	950	0	74
8:	19	67	40	57	10	30	10	11	686	79
9:	5	9	4	14	85	6	2	33	2	801
Accuracy: 0.852500
k=3 limit=750
Data limit: 750
Done loading data
	0	1	2	3	4	5	6	7	8	9
------------------------------------------------------------------------------------------
0:	933	1	11	1	1	12	16	2	2	12
1:	0	1055	3	1	1	2	0	2	0	0
2:	10	52	830	11	12	9	5	36	13	12
3:	5	15	19	883	0	54	3	3	21	27
4:	0	25	1	1	798	0	7	8	1	142
5:	11	19	3	88	22	701	20	2	16	33
6:	15	29	5	0	10	11	893	1	1	2
7:	0	28	3	2	30	3	0	951	0	73
8:	17	63	32	54	10	28	9	11	716	69
9:	5	9	4	13	79	5	2	32	3	809
Accuracy: 0.856900
k=3 limit=800
Data limit: 800
Done loading data
	0	1	2	3	4	5	6	7	8	9
------------------------------------------------------------------------------------------
0:	939	1	8	0	1	14	12	1	2	13
1:	0	1055	3	1	1	2	0	2	0	0
2:	9	52	832	10	14	9	5	38	12	9
3:	4	12	20	890	3	49	3	4	18	27
4:	0	26	1	0	797	3	8	10	1	137
5:	10	17	2	82	24	712	20	2	10	36
6:	14	27	6	0	8	14	895	1	1	1
7:	0	25	2	1	24	7	0	979	0	52
8:	17	57	27	50	9	28	8	9	738	66
9:	5	9	3	13	66	5	2	37	1	820
Accuracy: 0.865700
k=3 limit=850
Data limit: 850
Done loading data
	0	1	2	3	4	5	6	7	8	9
------------------------------------------------------------------------------------------
0:	935	1	8	1	1	15	12	1	3	14
1:	0	1054	3	2	1	2	0	2	0	0
2:	10	51	833	10	13	9	5	39	11	9
3:	5	11	19	888	3	53	3	5	19	24
4:	0	26	2	0	801	3	8	9	1	133
5:	10	17	2	81	24	711	19	2	10	39
6:	14	27	6	0	9	12	896	0	2	1
7:	0	26	2	0	24	5	0	986	0	47
8:	14	57	25	49	11	30	9	11	735	68
9:	5	8	3	13	67	5	1	43	1	815
Accuracy: 0.865400
k=3 limit=900
Data limit: 900
Done loading data
	0	1	2	3	4	5	6	7	8	9
------------------------------------------------------------------------------------------
0:	937	1	8	2	0	13	13	1	3	13
1:	0	1054	3	2	1	2	0	2	0	0
2:	9	49	834	11	13	9	4	40	12	9
3:	4	10	18	899	3	46	3	5	19	23
4:	0	25	2	0	804	3	7	9	1	132
5:	8	15	2	88	24	708	20	2	9	39
6:	15	24	6	0	10	12	897	0	2	1
7:	0	25	1	3	23	3	0	990	0	45
8:	14	54	26	53	12	29	9	10	738	64
9:	5	8	6	15	65	6	1	43	1	811
Accuracy: 0.867200
k=3 limit=950
Data limit: 950
Done loading data
	0	1	2	3	4	5	6	7	8	9
------------------------------------------------------------------------------------------
0:	937	1	7	2	0	13	13	1	3	14
1:	0	1052	3	2	1	1	0	5	0	0
2:	11	44	841	10	13	8	6	40	8	9
3:	3	7	24	894	3	50	3	5	19	22
4:	1	25	2	0	801	3	6	13	0	132
5:	9	13	1	80	23	719	21	3	10	36
6:	13	17	6	0	11	9	908	0	2	1
7:	0	25	0	2	19	2	0	1002	0	40
8:	14	53	26	52	10	33	10	11	737	63
9:	4	8	4	15	56	6	0	40	1	827
Accuracy: 0.871800
k=3 limit=1000
Data limit: 1000
Done loading data
	0	1	2	3	4	5	6	7	8	9
------------------------------------------------------------------------------------------
0:	942	1	7	2	0	10	12	2	3	12
1:	0	1053	3	2	1	0	0	5	0	0
2:	12	44	837	12	11	9	6	43	7	9
3:	3	7	22	900	3	49	3	5	20	18
4:	1	24	2	0	805	2	7	14	0	128
5:	10	13	1	65	24	737	20	3	8	34
6:	13	15	6	1	11	8	911	0	1	1
7:	0	24	0	2	16	2	0	1009	0	37
8:	17	52	27	49	8	32	12	14	737	61
9:	4	8	3	14	60	6	0	40	1	825
Accuracy: 0.875600
k=3 limit=1050
Data limit: 1050
Done loading data
	0	1	2	3	4	5	6	7	8	9
------------------------------------------------------------------------------------------
0:	944	1	7	2	1	9	10	2	4	11
1:	0	1054	4	0	1	0	0	5	0	0
2:	10	45	837	11	11	8	6	42	9	11
3:	4	7	22	898	3	47	3	6	22	18
4:	1	25	2	0	828	2	7	13	0	105
5:	12	13	1	68	23	733	20	3	10	32
6:	14	14	6	1	11	8	911	0	1	1
7:	0	29	1	2	17	2	0	1007	0	32
8:	19	50	26	48	9	30	11	15	746	55
9:	4	7	4	14	54	7	0	39	1	831
Accuracy: 0.878900
k=3 limit=1100
Data limit: 1100
Done loading data
	0	1	2	3	4	5	6	7	8	9
------------------------------------------------------------------------------------------
0:	944	1	7	2	1	9	10	2	4	11
1:	0	1054	4	0	1	0	0	5	0	0
2:	10	43	841	12	11	8	4	42	7	12
3:	3	8	24	898	1	46	4	6	23	17
4:	1	25	2	0	836	2	6	11	0	100
5:	12	13	2	68	22	730	20	5	10	33
6:	14	11	6	1	10	8	915	0	1	1
7:	0	29	1	2	19	2	0	1005	0	32
8:	19	49	27	40	10	27	8	15	763	51
9:	4	8	4	14	56	7	0	35	1	832
Accuracy: 0.881800
k=3 limit=1150
Data limit: 1150
Done loading data
	0	1	2	3	4	5	6	7	8	9
------------------------------------------------------------------------------------------
0:	942	1	8	2	2	9	11	2	4	10
1:	0	1055	4	0	0	0	0	5	0	0
2:	10	43	843	11	11	7	5	42	7	11
3:	2	8	24	899	2	44	4	7	23	17
4:	1	25	2	0	836	2	5	12	0	100
5:	13	13	2	71	22	726	19	6	10	33
6:	15	9	6	1	10	5	919	0	1	1
7:	0	27	1	2	17	2	0	1005	0	36
8:	18	49	27	37	10	23	10	15	765	55
9:	4	8	4	14	55	5	0	36	1	834
Accuracy: 0.882400
k=3 limit=1200
Data limit: 1200
Done loading data
	0	1	2	3	4	5	6	7	8	9
------------------------------------------------------------------------------------------
0:	944	0	7	2	1	10	13	2	3	9
1:	0	1054	4	0	0	0	0	6	0	0
2:	14	42	841	10	10	7	5	42	8	11
3:	2	7	22	902	2	44	4	7	23	17
4:	1	26	3	0	839	1	4	10	0	99
5:	11	11	3	74	22	726	21	6	9	32
6:	15	9	4	1	10	4	922	0	1	1
7:	0	28	1	2	16	2	0	1009	0	32
8:	17	48	26	36	10	20	10	14	768	60
9:	4	7	4	13	63	4	1	35	1	829
Accuracy: 0.883400
k=3 limit=1250
Data limit: 1250
Done loading data
	0	1	2	3	4	5	6	7	8	9
------------------------------------------------------------------------------------------
0:	940	0	8	2	1	8	17	2	3	10
1:	0	1054	4	0	0	0	0	6	0	0
2:	14	42	834	17	10	7	6	40	9	11
3:	2	7	23	903	2	41	5	7	21	19
4:	1	26	3	0	846	1	4	9	0	93
5:	10	11	3	60	20	740	22	6	12	31
6:	15	9	4	1	10	4	922	0	1	1
7:	0	30	1	1	16	2	0	1010	0	30
8:	16	51	25	36	10	20	9	13	774	55
9:	4	7	4	13	65	4	1	37	1	825
Accuracy: 0.884800
k=3 limit=1300
Data limit: 1300
Done loading data
	0	1	2	3	4	5	6	7	8	9
------------------------------------------------------------------------------------------
0:	943	1	8	2	1	11	15	1	2	7
1:	0	1054	3	1	0	0	0	6	0	0
2:	15	39	836	15	10	7	6	41	8	13
3:	2	7	21	905	2	43	5	5	19	21
4:	1	26	3	0	848	1	4	9	0	91
5:	10	11	3	59	19	752	20	5	9	27
6:	12	9	4	1	10	5	924	0	1	1
7:	0	30	1	1	16	2	0	1009	0	31
8:	15	51	27	34	10	18	11	15	769	59
9:	4	6	4	13	62	3	1	37	1	830
Accuracy: 0.887000
k=3 limit=1350
Data limit: 1350
Done loading data
	0	1	2	3	4	5	6	7	8	9
------------------------------------------------------------------------------------------
0:	943	1	8	2	1	11	15	2	2	6
1:	0	1054	3	1	0	0	0	6	0	0
2:	14	40	837	17	11	7	4	39	8	13
3:	1	6	22	906	2	43	4	5	22	19
4:	1	26	3	0	849	1	4	9	0	90
5:	9	11	3	54	19	759	20	5	9	26
6:	12	9	6	1	10	4	923	0	1	1
7:	0	29	1	1	15	2	0	1014	0	28
8:	14	51	28	35	9	20	11	15	768	58
9:	4	6	4	12	62	3	0	42	1	827
Accuracy: 0.888000
k=3 limit=1400
Data limit: 1400
Done loading data
	0	1	2	3	4	5	6	7	8	9
------------------------------------------------------------------------------------------
0:	943	1	8	2	1	11	15	2	1	7
1:	0	1054	3	1	0	0	0	6	0	0
2:	14	39	839	17	11	7	4	38	8	13
3:	2	6	22	898	2	46	4	5	20	25
4:	1	25	3	0	847	1	3	8	0	95
5:	9	11	3	56	18	759	20	6	6	27
6:	12	10	6	0	8	4	925	0	1	1
7:	0	29	1	1	15	2	0	1014	0	28
8:	15	53	25	33	9	19	11	15	771	58
9:	4	6	5	12	60	4	0	40	1	829
Accuracy: 0.887900
k=3 limit=1450
Data limit: 1450
Done loading data
	0	1	2	3	4	5	6	7	8	9
------------------------------------------------------------------------------------------
0:	942	1	9	2	1	11	15	2	1	7
1:	0	1054	3	1	0	0	0	6	0	0
2:	13	39	842	16	11	7	4	36	8	14
3:	2	6	18	907	2	43	4	6	20	22
4:	1	24	3	0	851	1	3	8	0	92
5:	9	11	2	58	15	764	20	6	6	24
6:	11	10	5	0	7	4	929	0	1	0
7:	0	29	1	1	13	2	0	1013	0	31
8:	15	53	23	35	9	19	11	15	768	61
9:	4	6	5	12	58	4	0	37	1	834
Accuracy: 0.890400
k=3 limit=1500
Data limit: 1500
Done loading data
	0	1	2	3	4	5	6	7	8	9
------------------------------------------------------------------------------------------
0:	943	1	8	3	1	11	14	2	1	7
1:	0	1055	2	1	0	0	0	6	0	0
2:	13	39	843	17	11	7	3	35	9	13
3:	2	6	17	909	2	44	3	5	20	22
4:	1	25	3	0	853	1	3	8	0	89
5:	9	10	2	48	16	772	21	8	6	23
6:	11	9	3	1	5	4	933	0	1	0
7:	0	28	1	1	12	2	0	1015	0	31
8:	16	49	20	36	9	19	11	14	774	61
9:	4	6	4	12	61	4	0	35	1	834
Accuracy: 0.893100
k=3 limit=1550
Data limit: 1550
Done loading data
	0	1	2	3	4	5	6	7	8	9
------------------------------------------------------------------------------------------
0:	944	3	9	3	1	10	12	2	1	6
1:	0	1056	2	1	0	0	0	5	0	0
2:	13	36	851	17	9	6	3	35	9	11
3:	2	6	17	909	2	44	3	5	20	22
4:	1	24	3	0	854	1	3	8	0	89
5:	9	10	2	49	16	769	24	8	6	22
6:	11	7	3	1	4	4	937	0	0	0
7:	0	26	1	1	13	3	0	1016	0	30
8:	16	49	18	35	7	20	11	14	779	60
9:	4	6	4	12	61	4	0	34	1	835
Accuracy: 0.895000
k=3 limit=1600
Data limit: 1600
Done loading data
	0	1	2	3	4	5	6	7	8	9
------------------------------------------------------------------------------------------
0:	945	3	8	3	1	10	12	2	1	6
1:	0	1055	2	1	1	0	0	5	0	0
2:	11	36	855	18	8	6	3	35	9	9
3:	2	5	15	914	2	42	3	5	20	22
4:	1	24	3	0	856	1	3	8	0	87
5:	9	10	2	51	16	769	23	8	6	21
6:	11	7	2	1	4	4	938	0	0	0
7:	0	24	1	1	15	3	0	1015	0	31
8:	16	49	19	34	7	20	10	14	780	60
9:	4	6	5	13	58	4	0	32	1	838
Accuracy: 0.896500
k=3 limit=1650
Data limit: 1650
Done loading data
	0	1	2	3	4	5	6	7	8	9
------------------------------------------------------------------------------------------
0:	946	3	8	3	1	10	11	2	1	6
1:	0	1055	2	1	1	0	0	5	0	0
2:	11	36	863	17	8	6	3	29	9	8
3:	2	5	16	916	2	41	3	5	18	22
4:	1	24	2	0	853	1	3	8	0	91
5:	10	9	2	51	15	772	23	6	6	21
6:	11	7	2	1	4	4	938	0	0	0
7:	0	26	1	1	15	3	0	1014	0	30
8:	18	49	19	36	7	19	10	14	783	54
9:	3	6	4	13	56	4	0	28	2	845
Accuracy: 0.898500
k=3 limit=1700
Data limit: 1700
Done loading data
	0	1	2	3	4	5	6	7	8	9
------------------------------------------------------------------------------------------
0:	946	3	8	3	1	9	12	2	1	6
1:	0	1055	2	1	1	0	0	5	0	0
2:	11	36	862	18	9	6	3	29	8	8
3:	2	5	16	916	2	42	3	5	17	22
4:	1	24	1	0	859	1	2	5	0	90
5:	8	9	2	48	13	780	23	6	5	21
6:	10	6	1	0	5	4	940	0	1	0
7:	0	25	1	1	16	3	0	1016	0	28
8:	18	49	19	37	8	18	10	14	782	54
9:	3	6	4	13	58	5	0	28	2	842
Accuracy: 0.899800
k=3 limit=1750
Data limit: 1750
Done loading data
	0	1	2	3	4	5	6	7	8	9
------------------------------------------------------------------------------------------
0:	946	3	8	3	1	9	12	2	1	6
1:	0	1055	3	1	1	0	0	4	0	0
2:	11	35	864	18	11	5	3	27	8	8
3:	2	5	16	920	2	38	2	6	17	22
4:	1	22	1	0	858	1	2	5	0	93
5:	8	10	2	48	13	778	22	6	5	23
6:	11	6	1	0	5	4	939	0	1	0
7:	0	24	1	0	17	3	0	1019	0	26
8:	15	48	19	38	8	18	10	14	787	52
9:	3	7	4	13	52	5	0	29	2	846
Accuracy: 0.901200
k=3 limit=1800
Data limit: 1800
Done loading data
	0	1	2	3	4	5	6	7	8	9
------------------------------------------------------------------------------------------
0:	946	3	9	2	1	9	12	2	1	6
1:	0	1055	3	1	1	0	0	4	0	0
2:	11	35	866	16	10	4	4	26	9	9
3:	2	5	16	919	2	36	2	6	20	22
4:	1	22	1	0	865	1	2	5	0	86
5:	8	9	2	47	13	783	22	4	5	22
6:	10	5	1	0	5	3	942	0	1	0
7:	0	24	1	0	18	3	0	1015	1	28
8:	14	45	18	35	7	17	9	14	804	46
9:	4	7	4	13	53	5	0	29	1	845
Accuracy: 0.904000
k=3 limit=1850
Data limit: 1850
Done loading data
	0	1	2	3	4	5	6	7	8	9
------------------------------------------------------------------------------------------
0:	949	3	7	2	1	9	10	2	1	7
1:	0	1057	3	1	1	0	0	2	0	0
2:	11	34	868	13	11	4	4	27	9	9
3:	1	5	16	921	2	36	2	6	18	23
4:	1	23	1	0	865	1	2	4	0	86
5:	8	10	2	46	13	789	22	3	4	18
6:	10	5	1	0	5	3	942	0	1	0
7:	0	23	0	0	17	3	0	1018	1	28
8:	14	45	18	36	7	19	9	13	802	46
9:	4	7	3	13	51	5	0	27	1	850
Accuracy: 0.906100
k=3 limit=1900
Data limit: 1900
Done loading data
	0	1	2	3	4	5	6	7	8	9
------------------------------------------------------------------------------------------
0:	949	3	7	2	0	9	11	2	1	7
1:	0	1056	4	1	1	0	0	2	0	0
2:	11	32	873	13	10	4	4	26	9	8
3:	1	5	17	921	2	36	2	6	20	20
4:	1	23	1	0	858	1	3	4	0	92
5:	8	8	2	54	10	785	20	3	3	22
6:	11	6	1	0	4	4	940	0	1	0
7:	0	23	0	0	16	3	0	1018	1	29
8:	14	45	18	36	8	18	10	13	800	47
9:	4	7	3	14	46	5	0	28	1	853
Accuracy: 0.905300
k=3 limit=1950
Data limit: 1950
Done loading data
	0	1	2	3	4	5	6	7	8	9
------------------------------------------------------------------------------------------
0:	956	3	6	2	0	7	8	1	2	6
1:	0	1055	5	1	1	0	0	2	0	0
2:	10	32	874	14	9	4	4	26	10	7
3:	1	5	17	919	2	37	3	6	20	20
4:	1	24	1	0	864	1	3	2	0	87
5:	8	8	2	53	10	785	21	3	3	22
6:	11	2	1	0	5	4	943	0	1	0
7:	0	23	0	0	17	3	0	1016	1	30
8:	13	44	19	37	8	18	10	13	804	43
9:	5	7	3	14	43	5	0	27	0	857
Accuracy: 0.907300
k=3 limit=2000
Data limit: 2000
Done loading data
	0	1	2	3	4	5	6	7	8	9
------------------------------------------------------------------------------------------
0:	956	3	6	2	0	7	8	1	2	6
1:	0	1055	5	1	1	0	0	2	0	0
2:	10	30	881	12	9	4	4	23	10	7
3:	1	5	15	924	2	37	3	6	19	18
4:	1	24	1	0	864	1	3	3	0	86
5:	8	8	2	50	9	790	21	3	2	22
6:	11	2	2	0	5	5	941	0	1	0
7:	0	23	0	0	15	3	0	1017	1	31
8:	14	44	19	38	8	18	10	13	803	42
9:	5	7	3	13	41	6	0	29	0	857
Accuracy: 0.908800
